3200,58
1600,58
6400,58
4800,58
8000,58
9600,58
11200,58
12800,58
3200,58,1600,58,1601,2,3203,2,15,62
3200,58,4800,58,3201,2,4804,2,15,62
3200,58,9600,58,3201,2,9604,2,15,62
1600,58,3200,58,1601,2,3203,2,15,62
6400,58,8000,58,6401,2,8001,2,15,62
6400,58,12800,58,6401,2,12802,2,15,62
4800,58,3200,58,3201,2,4804,2,15,62
4800,58,8000,58,4801,2,8002,2,15,62
4800,58,12800,58,4801,2,12803,2,15,62
8000,58,6400,58,6401,2,8001,2,15,62
8000,58,4800,58,4801,2,8002,2,15,62
8000,58,12800,58,8001,2,12802,2,15,12803,2,8002,2,15,12,62
9600,58,3200,58,3201,2,9604,2,15,62
9600,58,11200,58,9601,2,11202,2,15,62
11200,58,9600,58,9601,2,11202,2,15,62
11200,58,12800,58,11201,2,12801,2,15,62
12800,58,6400,58,6401,2,12802,2,15,62
12800,58,4800,58,4801,2,12803,2,15,62
12800,58,8000,58,8001,2,12802,2,15,12803,2,8002,2,15,12,62
12800,58,11200,58,11201,2,12801,2,15,62
3200,58,4800,58,3201,2,4804,2,15,62,8000,58,4801,2,8002,2,15,62
3200,58,4800,58,3201,2,4804,2,15,62,12800,58,4801,2,12803,2,15,62
3200,58,9600,58,3201,2,9604,2,15,62,11200,58,9601,2,11202,2,15,62
1600,58,3200,58,1601,2,3203,2,15,62,4800,58,3201,2,4804,2,15,62
1600,58,3200,58,1601,2,3203,2,15,62,9600,58,3201,2,9604,2,15,62
6400,58,8000,58,6401,2,8001,2,15,62,4800,58,4801,2,8002,2,15,62
6400,58,8000,58,6401,2,8001,2,15,62,12800,58,8001,2,12802,2,15,12803,2,8002,2,15,12,62
6400,58,12800,58,6401,2,12802,2,15,62,4800,58,4801,2,12803,2,15,62
6400,58,12800,58,6401,2,12802,2,15,62,8000,58,8001,2,12802,2,15,12803,2,8002,2,15,12,62
6400,58,12800,58,6401,2,12802,2,15,62,11200,58,11201,2,12801,2,15,62
4800,58,3200,58,3201,2,4804,2,15,62,1600,58,1601,2,3203,2,15,62
4800,58,3200,58,3201,2,4804,2,15,62,9600,58,3201,2,9604,2,15,62
4800,58,8000,58,4801,2,8002,2,15,62,6400,58,6401,2,8001,2,15,62
4800,58,8000,58,4801,2,8002,2,15,62,12800,58,8001,2,12802,2,15,12803,2,8002,2,15,12,62
4800,58,12800,58,4801,2,12803,2,15,62,6400,58,6401,2,12802,2,15,62
4800,58,12800,58,4801,2,12803,2,15,62,8000,58,8001,2,12802,2,15,12803,2,8002,2,15,12,62
4800,58,12800,58,4801,2,12803,2,15,62,11200,58,11201,2,12801,2,15,62
8000,58,6400,58,6401,2,8001,2,15,62,12800,58,6401,2,12802,2,15,62
8000,58,4800,58,4801,2,8002,2,15,62,3200,58,3201,2,4804,2,15,62
8000,58,4800,58,4801,2,8002,2,15,62,12800,58,4801,2,12803,2,15,62
8000,58,12800,58,8001,2,12802,2,15,12803,2,8002,2,15,12,62,6400,58,6401,2,12802,2,15,62
8000,58,12800,58,8001,2,12802,2,15,12803,2,8002,2,15,12,62,4800,58,4801,2,12803,2,15,62
8000,58,12800,58,8001,2,12802,2,15,12803,2,8002,2,15,12,62,11200,58,11201,2,12801,2,15,62
9600,58,3200,58,3201,2,9604,2,15,62,1600,58,1601,2,3203,2,15,62
9600,58,3200,58,3201,2,9604,2,15,62,4800,58,3201,2,4804,2,15,62
9600,58,11200,58,9601,2,11202,2,15,62,12800,58,11201,2,12801,2,15,62
11200,58,9600,58,9601,2,11202,2,15,62,3200,58,3201,2,9604,2,15,62
11200,58,12800,58,11201,2,12801,2,15,62,6400,58,6401,2,12802,2,15,62
11200,58,12800,58,11201,2,12801,2,15,62,4800,58,4801,2,12803,2,15,62
11200,58,12800,58,11201,2,12801,2,15,62,8000,58,8001,2,12802,2,15,12803,2,8002,2,15,12,62
12800,58,6400,58,6401,2,12802,2,15,62,8000,58,6401,2,8001,2,15,62
12800,58,4800,58,4801,2,12803,2,15,62,3200,58,3201,2,4804,2,15,62
12800,58,4800,58,4801,2,12803,2,15,62,8000,58,4801,2,8002,2,15,62
12800,58,8000,58,8001,2,12802,2,15,12803,2,8002,2,15,12,62,6400,58,6401,2,8001,2,15,62
12800,58,8000,58,8001,2,12802,2,15,12803,2,8002,2,15,12,62,4800,58,4801,2,8002,2,15,62
12800,58,11200,58,11201,2,12801,2,15,62,9600,58,9601,2,11202,2,15,62
3200,58,4800,58,3201,2,4804,2,15,62,8000,58,4801,2,8002,2,15,62,6400,58,6401,2,8001,2,15,62
3200,58,4800,58,3201,2,4804,2,15,62,8000,58,4801,2,8002,2,15,62,12800,58,8001,2,12802,2,15,12803,2,8002,2,15,12,62
3200,58,4800,58,3201,2,4804,2,15,62,12800,58,4801,2,12803,2,15,62,6400,58,6401,2,12802,2,15,62
3200,58,4800,58,3201,2,4804,2,15,62,12800,58,4801,2,12803,2,15,62,8000,58,8001,2,12802,2,15,12803,2,8002,2,15,12,62
3200,58,4800,58,3201,2,4804,2,15,62,12800,58,4801,2,12803,2,15,62,11200,58,11201,2,12801,2,15,62
3200,58,9600,58,3201,2,9604,2,15,62,11200,58,9601,2,11202,2,15,62,12800,58,11201,2,12801,2,15,62
1600,58,3200,58,1601,2,3203,2,15,62,4800,58,3201,2,4804,2,15,62,8000,58,4801,2,8002,2,15,62
1600,58,3200,58,1601,2,3203,2,15,62,4800,58,3201,2,4804,2,15,62,12800,58,4801,2,12803,2,15,62
1600,58,3200,58,1601,2,3203,2,15,62,9600,58,3201,2,9604,2,15,62,11200,58,9601,2,11202,2,15,62
6400,58,8000,58,6401,2,8001,2,15,62,4800,58,4801,2,8002,2,15,62,3200,58,3201,2,4804,2,15,62
6400,58,8000,58,6401,2,8001,2,15,62,4800,58,4801,2,8002,2,15,62,12800,58,4801,2,12803,2,15,62
6400,58,8000,58,6401,2,8001,2,15,62,12800,58,8001,2,12802,2,15,12803,2,8002,2,15,12,62,4800,58,4801,2,12803,2,15,62
6400,58,8000,58,6401,2,8001,2,15,62,12800,58,8001,2,12802,2,15,12803,2,8002,2,15,12,62,11200,58,11201,2,12801,2,15,62
6400,58,12800,58,6401,2,12802,2,15,62,4800,58,4801,2,12803,2,15,62,3200,58,3201,2,4804,2,15,62
6400,58,12800,58,6401,2,12802,2,15,62,4800,58,4801,2,12803,2,15,62,8000,58,4801,2,8002,2,15,62
6400,58,12800,58,6401,2,12802,2,15,62,8000,58,8001,2,12802,2,15,12803,2,8002,2,15,12,62,4800,58,4801,2,8002,2,15,62
6400,58,12800,58,6401,2,12802,2,15,62,11200,58,11201,2,12801,2,15,62,9600,58,9601,2,11202,2,15,62
4800,58,3200,58,3201,2,4804,2,15,62,9600,58,3201,2,9604,2,15,62,11200,58,9601,2,11202,2,15,62
4800,58,8000,58,4801,2,8002,2,15,62,6400,58,6401,2,8001,2,15,62,12800,58,6401,2,12802,2,15,62
4800,58,8000,58,4801,2,8002,2,15,62,12800,58,8001,2,12802,2,15,12803,2,8002,2,15,12,62,6400,58,6401,2,12802,2,15,62
4800,58,8000,58,4801,2,8002,2,15,62,12800,58,8001,2,12802,2,15,12803,2,8002,2,15,12,62,11200,58,11201,2,12801,2,15,62
4800,58,12800,58,4801,2,12803,2,15,62,6400,58,6401,2,12802,2,15,62,8000,58,6401,2,8001,2,15,62
4800,58,12800,58,4801,2,12803,2,15,62,8000,58,8001,2,12802,2,15,12803,2,8002,2,15,12,62,6400,58,6401,2,8001,2,15,62
4800,58,12800,58,4801,2,12803,2,15,62,11200,58,11201,2,12801,2,15,62,9600,58,9601,2,11202,2,15,62
8000,58,6400,58,6401,2,8001,2,15,62,12800,58,6401,2,12802,2,15,62,4800,58,4801,2,12803,2,15,62
8000,58,6400,58,6401,2,8001,2,15,62,12800,58,6401,2,12802,2,15,62,11200,58,11201,2,12801,2,15,62
8000,58,4800,58,4801,2,8002,2,15,62,3200,58,3201,2,4804,2,15,62,1600,58,1601,2,3203,2,15,62
8000,58,4800,58,4801,2,8002,2,15,62,3200,58,3201,2,4804,2,15,62,9600,58,3201,2,9604,2,15,62
8000,58,4800,58,4801,2,8002,2,15,62,12800,58,4801,2,12803,2,15,62,6400,58,6401,2,12802,2,15,62
8000,58,4800,58,4801,2,8002,2,15,62,12800,58,4801,2,12803,2,15,62,11200,58,11201,2,12801,2,15,62
8000,58,12800,58,8001,2,12802,2,15,12803,2,8002,2,15,12,62,4800,58,4801,2,12803,2,15,62,3200,58,3201,2,4804,2,15,62
8000,58,12800,58,8001,2,12802,2,15,12803,2,8002,2,15,12,62,11200,58,11201,2,12801,2,15,62,9600,58,9601,2,11202,2,15,62
9600,58,3200,58,3201,2,9604,2,15,62,4800,58,3201,2,4804,2,15,62,8000,58,4801,2,8002,2,15,62
9600,58,3200,58,3201,2,9604,2,15,62,4800,58,3201,2,4804,2,15,62,12800,58,4801,2,12803,2,15,62
9600,58,11200,58,9601,2,11202,2,15,62,12800,58,11201,2,12801,2,15,62,6400,58,6401,2,12802,2,15,62
9600,58,11200,58,9601,2,11202,2,15,62,12800,58,11201,2,12801,2,15,62,4800,58,4801,2,12803,2,15,62
9600,58,11200,58,9601,2,11202,2,15,62,12800,58,11201,2,12801,2,15,62,8000,58,8001,2,12802,2,15,12803,2,8002,2,15,12,62
11200,58,9600,58,9601,2,11202,2,15,62,3200,58,3201,2,9604,2,15,62,1600,58,1601,2,3203,2,15,62
11200,58,9600,58,9601,2,11202,2,15,62,3200,58,3201,2,9604,2,15,62,4800,58,3201,2,4804,2,15,62
11200,58,12800,58,11201,2,12801,2,15,62,6400,58,6401,2,12802,2,15,62,8000,58,6401,2,8001,2,15,62
11200,58,12800,58,11201,2,12801,2,15,62,4800,58,4801,2,12803,2,15,62,3200,58,3201,2,4804,2,15,62
11200,58,12800,58,11201,2,12801,2,15,62,4800,58,4801,2,12803,2,15,62,8000,58,4801,2,8002,2,15,62
11200,58,12800,58,11201,2,12801,2,15,62,8000,58,8001,2,12802,2,15,12803,2,8002,2,15,12,62,6400,58,6401,2,8001,2,15,62
11200,58,12800,58,11201,2,12801,2,15,62,8000,58,8001,2,12802,2,15,12803,2,8002,2,15,12,62,4800,58,4801,2,8002,2,15,62
12800,58,6400,58,6401,2,12802,2,15,62,8000,58,6401,2,8001,2,15,62,4800,58,4801,2,8002,2,15,62
12800,58,4800,58,4801,2,12803,2,15,62,3200,58,3201,2,4804,2,15,62,1600,58,1601,2,3203,2,15,62
12800,58,4800,58,4801,2,12803,2,15,62,3200,58,3201,2,4804,2,15,62,9600,58,3201,2,9604,2,15,62
12800,58,4800,58,4801,2,12803,2,15,62,8000,58,4801,2,8002,2,15,62,6400,58,6401,2,8001,2,15,62
12800,58,8000,58,8001,2,12802,2,15,12803,2,8002,2,15,12,62,4800,58,4801,2,8002,2,15,62,3200,58,3201,2,4804,2,15,62
12800,58,11200,58,11201,2,12801,2,15,62,9600,58,9601,2,11202,2,15,62,3200,58,3201,2,9604,2,15,62
3200,58,4800,58,3201,2,4804,2,15,62,8000,58,4801,2,8002,2,15,62,6400,58,6401,2,8001,2,15,62,12800,58,6401,2,12802,2,15,62
3200,58,4800,58,3201,2,4804,2,15,62,8000,58,4801,2,8002,2,15,62,12800,58,8001,2,12802,2,15,12803,2,8002,2,15,12,62,6400,58,6401,2,12802,2,15,62
3200,58,4800,58,3201,2,4804,2,15,62,8000,58,4801,2,8002,2,15,62,12800,58,8001,2,12802,2,15,12803,2,8002,2,15,12,62,11200,58,11201,2,12801,2,15,62
3200,58,4800,58,3201,2,4804,2,15,62,12800,58,4801,2,12803,2,15,62,6400,58,6401,2,12802,2,15,62,8000,58,6401,2,8001,2,15,62
3200,58,4800,58,3201,2,4804,2,15,62,12800,58,4801,2,12803,2,15,62,8000,58,8001,2,12802,2,15,12803,2,8002,2,15,12,62,6400,58,6401,2,8001,2,15,62
3200,58,4800,58,3201,2,4804,2,15,62,12800,58,4801,2,12803,2,15,62,11200,58,11201,2,12801,2,15,62,9600,58,9601,2,11202,2,15,62
3200,58,9600,58,3201,2,9604,2,15,62,11200,58,9601,2,11202,2,15,62,12800,58,11201,2,12801,2,15,62,6400,58,6401,2,12802,2,15,62
3200,58,9600,58,3201,2,9604,2,15,62,11200,58,9601,2,11202,2,15,62,12800,58,11201,2,12801,2,15,62,4800,58,4801,2,12803,2,15,62
3200,58,9600,58,3201,2,9604,2,15,62,11200,58,9601,2,11202,2,15,62,12800,58,11201,2,12801,2,15,62,8000,58,8001,2,12802,2,15,12803,2,8002,2,15,12,62
1600,58,3200,58,1601,2,3203,2,15,62,4800,58,3201,2,4804,2,15,62,8000,58,4801,2,8002,2,15,62,6400,58,6401,2,8001,2,15,62
1600,58,3200,58,1601,2,3203,2,15,62,4800,58,3201,2,4804,2,15,62,8000,58,4801,2,8002,2,15,62,12800,58,8001,2,12802,2,15,12803,2,8002,2,15,12,62
1600,58,3200,58,1601,2,3203,2,15,62,4800,58,3201,2,4804,2,15,62,12800,58,4801,2,12803,2,15,62,6400,58,6401,2,12802,2,15,62
1600,58,3200,58,1601,2,3203,2,15,62,4800,58,3201,2,4804,2,15,62,12800,58,4801,2,12803,2,15,62,8000,58,8001,2,12802,2,15,12803,2,8002,2,15,12,62
1600,58,3200,58,1601,2,3203,2,15,62,4800,58,3201,2,4804,2,15,62,12800,58,4801,2,12803,2,15,62,11200,58,11201,2,12801,2,15,62
1600,58,3200,58,1601,2,3203,2,15,62,9600,58,3201,2,9604,2,15,62,11200,58,9601,2,11202,2,15,62,12800,58,11201,2,12801,2,15,62
6400,58,8000,58,6401,2,8001,2,15,62,4800,58,4801,2,8002,2,15,62,3200,58,3201,2,4804,2,15,62,1600,58,1601,2,3203,2,15,62
6400,58,8000,58,6401,2,8001,2,15,62,4800,58,4801,2,8002,2,15,62,3200,58,3201,2,4804,2,15,62,9600,58,3201,2,9604,2,15,62
6400,58,8000,58,6401,2,8001,2,15,62,4800,58,4801,2,8002,2,15,62,12800,58,4801,2,12803,2,15,62,11200,58,11201,2,12801,2,15,62
6400,58,8000,58,6401,2,8001,2,15,62,12800,58,8001,2,12802,2,15,12803,2,8002,2,15,12,62,4800,58,4801,2,12803,2,15,62,3200,58,3201,2,4804,2,15,62
6400,58,8000,58,6401,2,8001,2,15,62,12800,58,8001,2,12802,2,15,12803,2,8002,2,15,12,62,11200,58,11201,2,12801,2,15,62,9600,58,9601,2,11202,2,15,62
6400,58,12800,58,6401,2,12802,2,15,62,4800,58,4801,2,12803,2,15,62,3200,58,3201,2,4804,2,15,62,1600,58,1601,2,3203,2,15,62
6400,58,12800,58,6401,2,12802,2,15,62,4800,58,4801,2,12803,2,15,62,3200,58,3201,2,4804,2,15,62,9600,58,3201,2,9604,2,15,62
6400,58,12800,58,6401,2,12802,2,15,62,8000,58,8001,2,12802,2,15,12803,2,8002,2,15,12,62,4800,58,4801,2,8002,2,15,62,3200,58,3201,2,4804,2,15,62
6400,58,12800,58,6401,2,12802,2,15,62,11200,58,11201,2,12801,2,15,62,9600,58,9601,2,11202,2,15,62,3200,58,3201,2,9604,2,15,62
4800,58,3200,58,3201,2,4804,2,15,62,9600,58,3201,2,9604,2,15,62,11200,58,9601,2,11202,2,15,62,12800,58,11201,2,12801,2,15,62
4800,58,8000,58,4801,2,8002,2,15,62,6400,58,6401,2,8001,2,15,62,12800,58,6401,2,12802,2,15,62,11200,58,11201,2,12801,2,15,62
4800,58,8000,58,4801,2,8002,2,15,62,12800,58,8001,2,12802,2,15,12803,2,8002,2,15,12,62,11200,58,11201,2,12801,2,15,62,9600,58,9601,2,11202,2,15,62
4800,58,12800,58,4801,2,12803,2,15,62,11200,58,11201,2,12801,2,15,62,9600,58,9601,2,11202,2,15,62,3200,58,3201,2,9604,2,15,62
8000,58,6400,58,6401,2,8001,2,15,62,12800,58,6401,2,12802,2,15,62,4800,58,4801,2,12803,2,15,62,3200,58,3201,2,4804,2,15,62
8000,58,6400,58,6401,2,8001,2,15,62,12800,58,6401,2,12802,2,15,62,11200,58,11201,2,12801,2,15,62,9600,58,9601,2,11202,2,15,62
8000,58,4800,58,4801,2,8002,2,15,62,3200,58,3201,2,4804,2,15,62,9600,58,3201,2,9604,2,15,62,11200,58,9601,2,11202,2,15,62
8000,58,4800,58,4801,2,8002,2,15,62,12800,58,4801,2,12803,2,15,62,11200,58,11201,2,12801,2,15,62,9600,58,9601,2,11202,2,15,62
8000,58,12800,58,8001,2,12802,2,15,12803,2,8002,2,15,12,62,4800,58,4801,2,12803,2,15,62,3200,58,3201,2,4804,2,15,62,1600,58,1601,2,3203,2,15,62
8000,58,12800,58,8001,2,12802,2,15,12803,2,8002,2,15,12,62,4800,58,4801,2,12803,2,15,62,3200,58,3201,2,4804,2,15,62,9600,58,3201,2,9604,2,15,62
8000,58,12800,58,8001,2,12802,2,15,12803,2,8002,2,15,12,62,11200,58,11201,2,12801,2,15,62,9600,58,9601,2,11202,2,15,62,3200,58,3201,2,9604,2,15,62
9600,58,3200,58,3201,2,9604,2,15,62,4800,58,3201,2,4804,2,15,62,8000,58,4801,2,8002,2,15,62,6400,58,6401,2,8001,2,15,62
9600,58,3200,58,3201,2,9604,2,15,62,4800,58,3201,2,4804,2,15,62,8000,58,4801,2,8002,2,15,62,12800,58,8001,2,12802,2,15,12803,2,8002,2,15,12,62
9600,58,3200,58,3201,2,9604,2,15,62,4800,58,3201,2,4804,2,15,62,12800,58,4801,2,12803,2,15,62,6400,58,6401,2,12802,2,15,62
9600,58,3200,58,3201,2,9604,2,15,62,4800,58,3201,2,4804,2,15,62,12800,58,4801,2,12803,2,15,62,8000,58,8001,2,12802,2,15,12803,2,8002,2,15,12,62
9600,58,3200,58,3201,2,9604,2,15,62,4800,58,3201,2,4804,2,15,62,12800,58,4801,2,12803,2,15,62,11200,58,11201,2,12801,2,15,62
9600,58,11200,58,9601,2,11202,2,15,62,12800,58,11201,2,12801,2,15,62,6400,58,6401,2,12802,2,15,62,8000,58,6401,2,8001,2,15,62
9600,58,11200,58,9601,2,11202,2,15,62,12800,58,11201,2,12801,2,15,62,4800,58,4801,2,12803,2,15,62,3200,58,3201,2,4804,2,15,62
9600,58,11200,58,9601,2,11202,2,15,62,12800,58,11201,2,12801,2,15,62,4800,58,4801,2,12803,2,15,62,8000,58,4801,2,8002,2,15,62
9600,58,11200,58,9601,2,11202,2,15,62,12800,58,11201,2,12801,2,15,62,8000,58,8001,2,12802,2,15,12803,2,8002,2,15,12,62,6400,58,6401,2,8001,2,15,62
9600,58,11200,58,9601,2,11202,2,15,62,12800,58,11201,2,12801,2,15,62,8000,58,8001,2,12802,2,15,12803,2,8002,2,15,12,62,4800,58,4801,2,8002,2,15,62
11200,58,9600,58,9601,2,11202,2,15,62,3200,58,3201,2,9604,2,15,62,4800,58,3201,2,4804,2,15,62,8000,58,4801,2,8002,2,15,62
11200,58,9600,58,9601,2,11202,2,15,62,3200,58,3201,2,9604,2,15,62,4800,58,3201,2,4804,2,15,62,12800,58,4801,2,12803,2,15,62
11200,58,12800,58,11201,2,12801,2,15,62,6400,58,6401,2,12802,2,15,62,8000,58,6401,2,8001,2,15,62,4800,58,4801,2,8002,2,15,62
11200,58,12800,58,11201,2,12801,2,15,62,4800,58,4801,2,12803,2,15,62,3200,58,3201,2,4804,2,15,62,1600,58,1601,2,3203,2,15,62
11200,58,12800,58,11201,2,12801,2,15,62,4800,58,4801,2,12803,2,15,62,3200,58,3201,2,4804,2,15,62,9600,58,3201,2,9604,2,15,62
11200,58,12800,58,11201,2,12801,2,15,62,4800,58,4801,2,12803,2,15,62,8000,58,4801,2,8002,2,15,62,6400,58,6401,2,8001,2,15,62
11200,58,12800,58,11201,2,12801,2,15,62,8000,58,8001,2,12802,2,15,12803,2,8002,2,15,12,62,4800,58,4801,2,8002,2,15,62,3200,58,3201,2,4804,2,15,62
12800,58,6400,58,6401,2,12802,2,15,62,8000,58,6401,2,8001,2,15,62,4800,58,4801,2,8002,2,15,62,3200,58,3201,2,4804,2,15,62
12800,58,4800,58,4801,2,12803,2,15,62,3200,58,3201,2,4804,2,15,62,9600,58,3201,2,9604,2,15,62,11200,58,9601,2,11202,2,15,62
12800,58,8000,58,8001,2,12802,2,15,12803,2,8002,2,15,12,62,4800,58,4801,2,8002,2,15,62,3200,58,3201,2,4804,2,15,62,1600,58,1601,2,3203,2,15,62
12800,58,8000,58,8001,2,12802,2,15,12803,2,8002,2,15,12,62,4800,58,4801,2,8002,2,15,62,3200,58,3201,2,4804,2,15,62,9600,58,3201,2,9604,2,15,62
12800,58,11200,58,11201,2,12801,2,15,62,9600,58,9601,2,11202,2,15,62,3200,58,3201,2,9604,2,15,62,1600,58,1601,2,3203,2,15,62
12800,58,11200,58,11201,2,12801,2,15,62,9600,58,9601,2,11202,2,15,62,3200,58,3201,2,9604,2,15,62,4800,58,3201,2,4804,2,15,62
3200,58,4800,58,3201,2,4804,2,15,62,8000,58,4801,2,8002,2,15,62,6400,58,6401,2,8001,2,15,62,12800,58,6401,2,12802,2,15,62,11200,58,11201,2,12801,2,15,62
3200,58,4800,58,3201,2,4804,2,15,62,8000,58,4801,2,8002,2,15,62,12800,58,8001,2,12802,2,15,12803,2,8002,2,15,12,62,11200,58,11201,2,12801,2,15,62,9600,58,9601,2,11202,2,15,62
3200,58,9600,58,3201,2,9604,2,15,62,11200,58,9601,2,11202,2,15,62,12800,58,11201,2,12801,2,15,62,6400,58,6401,2,12802,2,15,62,8000,58,6401,2,8001,2,15,62
3200,58,9600,58,3201,2,9604,2,15,62,11200,58,9601,2,11202,2,15,62,12800,58,11201,2,12801,2,15,62,4800,58,4801,2,12803,2,15,62,8000,58,4801,2,8002,2,15,62
3200,58,9600,58,3201,2,9604,2,15,62,11200,58,9601,2,11202,2,15,62,12800,58,11201,2,12801,2,15,62,8000,58,8001,2,12802,2,15,12803,2,8002,2,15,12,62,6400,58,6401,2,8001,2,15,62
3200,58,9600,58,3201,2,9604,2,15,62,11200,58,9601,2,11202,2,15,62,12800,58,11201,2,12801,2,15,62,8000,58,8001,2,12802,2,15,12803,2,8002,2,15,12,62,4800,58,4801,2,8002,2,15,62
1600,58,3200,58,1601,2,3203,2,15,62,4800,58,3201,2,4804,2,15,62,8000,58,4801,2,8002,2,15,62,6400,58,6401,2,8001,2,15,62,12800,58,6401,2,12802,2,15,62
1600,58,3200,58,1601,2,3203,2,15,62,4800,58,3201,2,4804,2,15,62,8000,58,4801,2,8002,2,15,62,12800,58,8001,2,12802,2,15,12803,2,8002,2,15,12,62,6400,58,6401,2,12802,2,15,62
1600,58,3200,58,1601,2,3203,2,15,62,4800,58,3201,2,4804,2,15,62,8000,58,4801,2,8002,2,15,62,12800,58,8001,2,12802,2,15,12803,2,8002,2,15,12,62,11200,58,11201,2,12801,2,15,62
1600,58,3200,58,1601,2,3203,2,15,62,4800,58,3201,2,4804,2,15,62,12800,58,4801,2,12803,2,15,62,6400,58,6401,2,12802,2,15,62,8000,58,6401,2,8001,2,15,62
1600,58,3200,58,1601,2,3203,2,15,62,4800,58,3201,2,4804,2,15,62,12800,58,4801,2,12803,2,15,62,8000,58,8001,2,12802,2,15,12803,2,8002,2,15,12,62,6400,58,6401,2,8001,2,15,62
1600,58,3200,58,1601,2,3203,2,15,62,4800,58,3201,2,4804,2,15,62,12800,58,4801,2,12803,2,15,62,11200,58,11201,2,12801,2,15,62,9600,58,9601,2,11202,2,15,62
1600,58,3200,58,1601,2,3203,2,15,62,9600,58,3201,2,9604,2,15,62,11200,58,9601,2,11202,2,15,62,12800,58,11201,2,12801,2,15,62,6400,58,6401,2,12802,2,15,62
1600,58,3200,58,1601,2,3203,2,15,62,9600,58,3201,2,9604,2,15,62,11200,58,9601,2,11202,2,15,62,12800,58,11201,2,12801,2,15,62,4800,58,4801,2,12803,2,15,62
1600,58,3200,58,1601,2,3203,2,15,62,9600,58,3201,2,9604,2,15,62,11200,58,9601,2,11202,2,15,62,12800,58,11201,2,12801,2,15,62,8000,58,8001,2,12802,2,15,12803,2,8002,2,15,12,62
6400,58,8000,58,6401,2,8001,2,15,62,4800,58,4801,2,8002,2,15,62,3200,58,3201,2,4804,2,15,62,9600,58,3201,2,9604,2,15,62,11200,58,9601,2,11202,2,15,62
6400,58,8000,58,6401,2,8001,2,15,62,4800,58,4801,2,8002,2,15,62,12800,58,4801,2,12803,2,15,62,11200,58,11201,2,12801,2,15,62,9600,58,9601,2,11202,2,15,62
6400,58,8000,58,6401,2,8001,2,15,62,12800,58,8001,2,12802,2,15,12803,2,8002,2,15,12,62,4800,58,4801,2,12803,2,15,62,3200,58,3201,2,4804,2,15,62,1600,58,1601,2,3203,2,15,62
6400,58,8000,58,6401,2,8001,2,15,62,12800,58,8001,2,12802,2,15,12803,2,8002,2,15,12,62,4800,58,4801,2,12803,2,15,62,3200,58,3201,2,4804,2,15,62,9600,58,3201,2,9604,2,15,62
6400,58,8000,58,6401,2,8001,2,15,62,12800,58,8001,2,12802,2,15,12803,2,8002,2,15,12,62,11200,58,11201,2,12801,2,15,62,9600,58,9601,2,11202,2,15,62,3200,58,3201,2,9604,2,15,62
6400,58,12800,58,6401,2,12802,2,15,62,4800,58,4801,2,12803,2,15,62,3200,58,3201,2,4804,2,15,62,9600,58,3201,2,9604,2,15,62,11200,58,9601,2,11202,2,15,62
6400,58,12800,58,6401,2,12802,2,15,62,8000,58,8001,2,12802,2,15,12803,2,8002,2,15,12,62,4800,58,4801,2,8002,2,15,62,3200,58,3201,2,4804,2,15,62,1600,58,1601,2,3203,2,15,62
6400,58,12800,58,6401,2,12802,2,15,62,8000,58,8001,2,12802,2,15,12803,2,8002,2,15,12,62,4800,58,4801,2,8002,2,15,62,3200,58,3201,2,4804,2,15,62,9600,58,3201,2,9604,2,15,62
6400,58,12800,58,6401,2,12802,2,15,62,11200,58,11201,2,12801,2,15,62,9600,58,9601,2,11202,2,15,62,3200,58,3201,2,9604,2,15,62,1600,58,1601,2,3203,2,15,62
6400,58,12800,58,6401,2,12802,2,15,62,11200,58,11201,2,12801,2,15,62,9600,58,9601,2,11202,2,15,62,3200,58,3201,2,9604,2,15,62,4800,58,3201,2,4804,2,15,62
4800,58,3200,58,3201,2,4804,2,15,62,9600,58,3201,2,9604,2,15,62,11200,58,9601,2,11202,2,15,62,12800,58,11201,2,12801,2,15,62,6400,58,6401,2,12802,2,15,62
4800,58,3200,58,3201,2,4804,2,15,62,9600,58,3201,2,9604,2,15,62,11200,58,9601,2,11202,2,15,62,12800,58,11201,2,12801,2,15,62,8000,58,8001,2,12802,2,15,12803,2,8002,2,15,12,62
4800,58,8000,58,4801,2,8002,2,15,62,6400,58,6401,2,8001,2,15,62,12800,58,6401,2,12802,2,15,62,11200,58,11201,2,12801,2,15,62,9600,58,9601,2,11202,2,15,62
4800,58,8000,58,4801,2,8002,2,15,62,12800,58,8001,2,12802,2,15,12803,2,8002,2,15,12,62,11200,58,11201,2,12801,2,15,62,9600,58,9601,2,11202,2,15,62,3200,58,3201,2,9604,2,15,62
4800,58,12800,58,4801,2,12803,2,15,62,11200,58,11201,2,12801,2,15,62,9600,58,9601,2,11202,2,15,62,3200,58,3201,2,9604,2,15,62,1600,58,1601,2,3203,2,15,62
8000,58,6400,58,6401,2,8001,2,15,62,12800,58,6401,2,12802,2,15,62,4800,58,4801,2,12803,2,15,62,3200,58,3201,2,4804,2,15,62,1600,58,1601,2,3203,2,15,62
8000,58,6400,58,6401,2,8001,2,15,62,12800,58,6401,2,12802,2,15,62,4800,58,4801,2,12803,2,15,62,3200,58,3201,2,4804,2,15,62,9600,58,3201,2,9604,2,15,62
8000,58,6400,58,6401,2,8001,2,15,62,12800,58,6401,2,12802,2,15,62,11200,58,11201,2,12801,2,15,62,9600,58,9601,2,11202,2,15,62,3200,58,3201,2,9604,2,15,62
8000,58,4800,58,4801,2,8002,2,15,62,3200,58,3201,2,4804,2,15,62,9600,58,3201,2,9604,2,15,62,11200,58,9601,2,11202,2,15,62,12800,58,11201,2,12801,2,15,62
8000,58,4800,58,4801,2,8002,2,15,62,12800,58,4801,2,12803,2,15,62,11200,58,11201,2,12801,2,15,62,9600,58,9601,2,11202,2,15,62,3200,58,3201,2,9604,2,15,62
8000,58,12800,58,8001,2,12802,2,15,12803,2,8002,2,15,12,62,4800,58,4801,2,12803,2,15,62,3200,58,3201,2,4804,2,15,62,9600,58,3201,2,9604,2,15,62,11200,58,9601,2,11202,2,15,62
8000,58,12800,58,8001,2,12802,2,15,12803,2,8002,2,15,12,62,11200,58,11201,2,12801,2,15,62,9600,58,9601,2,11202,2,15,62,3200,58,3201,2,9604,2,15,62,1600,58,1601,2,3203,2,15,62
8000,58,12800,58,8001,2,12802,2,15,12803,2,8002,2,15,12,62,11200,58,11201,2,12801,2,15,62,9600,58,9601,2,11202,2,15,62,3200,58,3201,2,9604,2,15,62,4800,58,3201,2,4804,2,15,62
9600,58,3200,58,3201,2,9604,2,15,62,4800,58,3201,2,4804,2,15,62,8000,58,4801,2,8002,2,15,62,6400,58,6401,2,8001,2,15,62,12800,58,6401,2,12802,2,15,62
9600,58,3200,58,3201,2,9604,2,15,62,4800,58,3201,2,4804,2,15,62,8000,58,4801,2,8002,2,15,62,12800,58,8001,2,12802,2,15,12803,2,8002,2,15,12,62,6400,58,6401,2,12802,2,15,62
9600,58,3200,58,3201,2,9604,2,15,62,4800,58,3201,2,4804,2,15,62,8000,58,4801,2,8002,2,15,62,12800,58,8001,2,12802,2,15,12803,2,8002,2,15,12,62,11200,58,11201,2,12801,2,15,62
9600,58,3200,58,3201,2,9604,2,15,62,4800,58,3201,2,4804,2,15,62,12800,58,4801,2,12803,2,15,62,6400,58,6401,2,12802,2,15,62,8000,58,6401,2,8001,2,15,62
9600,58,3200,58,3201,2,9604,2,15,62,4800,58,3201,2,4804,2,15,62,12800,58,4801,2,12803,2,15,62,8000,58,8001,2,12802,2,15,12803,2,8002,2,15,12,62,6400,58,6401,2,8001,2,15,62
9600,58,11200,58,9601,2,11202,2,15,62,12800,58,11201,2,12801,2,15,62,6400,58,6401,2,12802,2,15,62,8000,58,6401,2,8001,2,15,62,4800,58,4801,2,8002,2,15,62
9600,58,11200,58,9601,2,11202,2,15,62,12800,58,11201,2,12801,2,15,62,4800,58,4801,2,12803,2,15,62,3200,58,3201,2,4804,2,15,62,1600,58,1601,2,3203,2,15,62
9600,58,11200,58,9601,2,11202,2,15,62,12800,58,11201,2,12801,2,15,62,4800,58,4801,2,12803,2,15,62,8000,58,4801,2,8002,2,15,62,6400,58,6401,2,8001,2,15,62
9600,58,11200,58,9601,2,11202,2,15,62,12800,58,11201,2,12801,2,15,62,8000,58,8001,2,12802,2,15,12803,2,8002,2,15,12,62,4800,58,4801,2,8002,2,15,62,3200,58,3201,2,4804,2,15,62
11200,58,9600,58,9601,2,11202,2,15,62,3200,58,3201,2,9604,2,15,62,4800,58,3201,2,4804,2,15,62,8000,58,4801,2,8002,2,15,62,6400,58,6401,2,8001,2,15,62
11200,58,9600,58,9601,2,11202,2,15,62,3200,58,3201,2,9604,2,15,62,4800,58,3201,2,4804,2,15,62,8000,58,4801,2,8002,2,15,62,12800,58,8001,2,12802,2,15,12803,2,8002,2,15,12,62
11200,58,9600,58,9601,2,11202,2,15,62,3200,58,3201,2,9604,2,15,62,4800,58,3201,2,4804,2,15,62,12800,58,4801,2,12803,2,15,62,6400,58,6401,2,12802,2,15,62
11200,58,9600,58,9601,2,11202,2,15,62,3200,58,3201,2,9604,2,15,62,4800,58,3201,2,4804,2,15,62,12800,58,4801,2,12803,2,15,62,8000,58,8001,2,12802,2,15,12803,2,8002,2,15,12,62
11200,58,12800,58,11201,2,12801,2,15,62,6400,58,6401,2,12802,2,15,62,8000,58,6401,2,8001,2,15,62,4800,58,4801,2,8002,2,15,62,3200,58,3201,2,4804,2,15,62
11200,58,12800,58,11201,2,12801,2,15,62,8000,58,8001,2,12802,2,15,12803,2,8002,2,15,12,62,4800,58,4801,2,8002,2,15,62,3200,58,3201,2,4804,2,15,62,1600,58,1601,2,3203,2,15,62
11200,58,12800,58,11201,2,12801,2,15,62,8000,58,8001,2,12802,2,15,12803,2,8002,2,15,12,62,4800,58,4801,2,8002,2,15,62,3200,58,3201,2,4804,2,15,62,9600,58,3201,2,9604,2,15,62
12800,58,6400,58,6401,2,12802,2,15,62,8000,58,6401,2,8001,2,15,62,4800,58,4801,2,8002,2,15,62,3200,58,3201,2,4804,2,15,62,1600,58,1601,2,3203,2,15,62
12800,58,6400,58,6401,2,12802,2,15,62,8000,58,6401,2,8001,2,15,62,4800,58,4801,2,8002,2,15,62,3200,58,3201,2,4804,2,15,62,9600,58,3201,2,9604,2,15,62
12800,58,8000,58,8001,2,12802,2,15,12803,2,8002,2,15,12,62,4800,58,4801,2,8002,2,15,62,3200,58,3201,2,4804,2,15,62,9600,58,3201,2,9604,2,15,62,11200,58,9601,2,11202,2,15,62
12800,58,11200,58,11201,2,12801,2,15,62,9600,58,9601,2,11202,2,15,62,3200,58,3201,2,9604,2,15,62,4800,58,3201,2,4804,2,15,62,8000,58,4801,2,8002,2,15,62
3200,58,4800,58,3201,2,4804,2,15,62,8000,58,4801,2,8002,2,15,62,6400,58,6401,2,8001,2,15,62,12800,58,6401,2,12802,2,15,62,11200,58,11201,2,12801,2,15,62,9600,58,9601,2,11202,2,15,62
3200,58,9600,58,3201,2,9604,2,15,62,11200,58,9601,2,11202,2,15,62,12800,58,11201,2,12801,2,15,62,6400,58,6401,2,12802,2,15,62,8000,58,6401,2,8001,2,15,62,4800,58,4801,2,8002,2,15,62
3200,58,9600,58,3201,2,9604,2,15,62,11200,58,9601,2,11202,2,15,62,12800,58,11201,2,12801,2,15,62,4800,58,4801,2,12803,2,15,62,8000,58,4801,2,8002,2,15,62,6400,58,6401,2,8001,2,15,62
1600,58,3200,58,1601,2,3203,2,15,62,4800,58,3201,2,4804,2,15,62,8000,58,4801,2,8002,2,15,62,6400,58,6401,2,8001,2,15,62,12800,58,6401,2,12802,2,15,62,11200,58,11201,2,12801,2,15,62
1600,58,3200,58,1601,2,3203,2,15,62,4800,58,3201,2,4804,2,15,62,8000,58,4801,2,8002,2,15,62,12800,58,8001,2,12802,2,15,12803,2,8002,2,15,12,62,11200,58,11201,2,12801,2,15,62,9600,58,9601,2,11202,2,15,62
1600,58,3200,58,1601,2,3203,2,15,62,9600,58,3201,2,9604,2,15,62,11200,58,9601,2,11202,2,15,62,12800,58,11201,2,12801,2,15,62,6400,58,6401,2,12802,2,15,62,8000,58,6401,2,8001,2,15,62
1600,58,3200,58,1601,2,3203,2,15,62,9600,58,3201,2,9604,2,15,62,11200,58,9601,2,11202,2,15,62,12800,58,11201,2,12801,2,15,62,4800,58,4801,2,12803,2,15,62,8000,58,4801,2,8002,2,15,62
1600,58,3200,58,1601,2,3203,2,15,62,9600,58,3201,2,9604,2,15,62,11200,58,9601,2,11202,2,15,62,12800,58,11201,2,12801,2,15,62,8000,58,8001,2,12802,2,15,12803,2,8002,2,15,12,62,6400,58,6401,2,8001,2,15,62
1600,58,3200,58,1601,2,3203,2,15,62,9600,58,3201,2,9604,2,15,62,11200,58,9601,2,11202,2,15,62,12800,58,11201,2,12801,2,15,62,8000,58,8001,2,12802,2,15,12803,2,8002,2,15,12,62,4800,58,4801,2,8002,2,15,62
6400,58,8000,58,6401,2,8001,2,15,62,4800,58,4801,2,8002,2,15,62,3200,58,3201,2,4804,2,15,62,9600,58,3201,2,9604,2,15,62,11200,58,9601,2,11202,2,15,62,12800,58,11201,2,12801,2,15,62
6400,58,8000,58,6401,2,8001,2,15,62,4800,58,4801,2,8002,2,15,62,12800,58,4801,2,12803,2,15,62,11200,58,11201,2,12801,2,15,62,9600,58,9601,2,11202,2,15,62,3200,58,3201,2,9604,2,15,62
6400,58,8000,58,6401,2,8001,2,15,62,12800,58,8001,2,12802,2,15,12803,2,8002,2,15,12,62,4800,58,4801,2,12803,2,15,62,3200,58,3201,2,4804,2,15,62,9600,58,3201,2,9604,2,15,62,11200,58,9601,2,11202,2,15,62
6400,58,8000,58,6401,2,8001,2,15,62,12800,58,8001,2,12802,2,15,12803,2,8002,2,15,12,62,11200,58,11201,2,12801,2,15,62,9600,58,9601,2,11202,2,15,62,3200,58,3201,2,9604,2,15,62,1600,58,1601,2,3203,2,15,62
6400,58,8000,58,6401,2,8001,2,15,62,12800,58,8001,2,12802,2,15,12803,2,8002,2,15,12,62,11200,58,11201,2,12801,2,15,62,9600,58,9601,2,11202,2,15,62,3200,58,3201,2,9604,2,15,62,4800,58,3201,2,4804,2,15,62
6400,58,12800,58,6401,2,12802,2,15,62,8000,58,8001,2,12802,2,15,12803,2,8002,2,15,12,62,4800,58,4801,2,8002,2,15,62,3200,58,3201,2,4804,2,15,62,9600,58,3201,2,9604,2,15,62,11200,58,9601,2,11202,2,15,62
6400,58,12800,58,6401,2,12802,2,15,62,11200,58,11201,2,12801,2,15,62,9600,58,9601,2,11202,2,15,62,3200,58,3201,2,9604,2,15,62,4800,58,3201,2,4804,2,15,62,8000,58,4801,2,8002,2,15,62
4800,58,3200,58,3201,2,4804,2,15,62,9600,58,3201,2,9604,2,15,62,11200,58,9601,2,11202,2,15,62,12800,58,11201,2,12801,2,15,62,6400,58,6401,2,12802,2,15,62,8000,58,6401,2,8001,2,15,62
4800,58,3200,58,3201,2,4804,2,15,62,9600,58,3201,2,9604,2,15,62,11200,58,9601,2,11202,2,15,62,12800,58,11201,2,12801,2,15,62,8000,58,8001,2,12802,2,15,12803,2,8002,2,15,12,62,6400,58,6401,2,8001,2,15,62
4800,58,8000,58,4801,2,8002,2,15,62,6400,58,6401,2,8001,2,15,62,12800,58,6401,2,12802,2,15,62,11200,58,11201,2,12801,2,15,62,9600,58,9601,2,11202,2,15,62,3200,58,3201,2,9604,2,15,62
4800,58,8000,58,4801,2,8002,2,15,62,12800,58,8001,2,12802,2,15,12803,2,8002,2,15,12,62,11200,58,11201,2,12801,2,15,62,9600,58,9601,2,11202,2,15,62,3200,58,3201,2,9604,2,15,62,1600,58,1601,2,3203,2,15,62
8000,58,6400,58,6401,2,8001,2,15,62,12800,58,6401,2,12802,2,15,62,4800,58,4801,2,12803,2,15,62,3200,58,3201,2,4804,2,15,62,9600,58,3201,2,9604,2,15,62,11200,58,9601,2,11202,2,15,62
8000,58,6400,58,6401,2,8001,2,15,62,12800,58,6401,2,12802,2,15,62,11200,58,11201,2,12801,2,15,62,9600,58,9601,2,11202,2,15,62,3200,58,3201,2,9604,2,15,62,1600,58,1601,2,3203,2,15,62
8000,58,6400,58,6401,2,8001,2,15,62,12800,58,6401,2,12802,2,15,62,11200,58,11201,2,12801,2,15,62,9600,58,9601,2,11202,2,15,62,3200,58,3201,2,9604,2,15,62,4800,58,3201,2,4804,2,15,62
8000,58,4800,58,4801,2,8002,2,15,62,3200,58,3201,2,4804,2,15,62,9600,58,3201,2,9604,2,15,62,11200,58,9601,2,11202,2,15,62,12800,58,11201,2,12801,2,15,62,6400,58,6401,2,12802,2,15,62
8000,58,4800,58,4801,2,8002,2,15,62,12800,58,4801,2,12803,2,15,62,11200,58,11201,2,12801,2,15,62,9600,58,9601,2,11202,2,15,62,3200,58,3201,2,9604,2,15,62,1600,58,1601,2,3203,2,15,62
9600,58,3200,58,3201,2,9604,2,15,62,4800,58,3201,2,4804,2,15,62,8000,58,4801,2,8002,2,15,62,6400,58,6401,2,8001,2,15,62,12800,58,6401,2,12802,2,15,62,11200,58,11201,2,12801,2,15,62
9600,58,11200,58,9601,2,11202,2,15,62,12800,58,11201,2,12801,2,15,62,6400,58,6401,2,12802,2,15,62,8000,58,6401,2,8001,2,15,62,4800,58,4801,2,8002,2,15,62,3200,58,3201,2,4804,2,15,62
9600,58,11200,58,9601,2,11202,2,15,62,12800,58,11201,2,12801,2,15,62,8000,58,8001,2,12802,2,15,12803,2,8002,2,15,12,62,4800,58,4801,2,8002,2,15,62,3200,58,3201,2,4804,2,15,62,1600,58,1601,2,3203,2,15,62
11200,58,9600,58,9601,2,11202,2,15,62,3200,58,3201,2,9604,2,15,62,4800,58,3201,2,4804,2,15,62,8000,58,4801,2,8002,2,15,62,6400,58,6401,2,8001,2,15,62,12800,58,6401,2,12802,2,15,62
11200,58,9600,58,9601,2,11202,2,15,62,3200,58,3201,2,9604,2,15,62,4800,58,3201,2,4804,2,15,62,8000,58,4801,2,8002,2,15,62,12800,58,8001,2,12802,2,15,12803,2,8002,2,15,12,62,6400,58,6401,2,12802,2,15,62
11200,58,9600,58,9601,2,11202,2,15,62,3200,58,3201,2,9604,2,15,62,4800,58,3201,2,4804,2,15,62,12800,58,4801,2,12803,2,15,62,6400,58,6401,2,12802,2,15,62,8000,58,6401,2,8001,2,15,62
11200,58,9600,58,9601,2,11202,2,15,62,3200,58,3201,2,9604,2,15,62,4800,58,3201,2,4804,2,15,62,12800,58,4801,2,12803,2,15,62,8000,58,8001,2,12802,2,15,12803,2,8002,2,15,12,62,6400,58,6401,2,8001,2,15,62
11200,58,12800,58,11201,2,12801,2,15,62,6400,58,6401,2,12802,2,15,62,8000,58,6401,2,8001,2,15,62,4800,58,4801,2,8002,2,15,62,3200,58,3201,2,4804,2,15,62,1600,58,1601,2,3203,2,15,62
11200,58,12800,58,11201,2,12801,2,15,62,6400,58,6401,2,12802,2,15,62,8000,58,6401,2,8001,2,15,62,4800,58,4801,2,8002,2,15,62,3200,58,3201,2,4804,2,15,62,9600,58,3201,2,9604,2,15,62
12800,58,6400,58,6401,2,12802,2,15,62,8000,58,6401,2,8001,2,15,62,4800,58,4801,2,8002,2,15,62,3200,58,3201,2,4804,2,15,62,9600,58,3201,2,9604,2,15,62,11200,58,9601,2,11202,2,15,62
12800,58,11200,58,11201,2,12801,2,15,62,9600,58,9601,2,11202,2,15,62,3200,58,3201,2,9604,2,15,62,4800,58,3201,2,4804,2,15,62,8000,58,4801,2,8002,2,15,62,6400,58,6401,2,8001,2,15,62
1600,58,3200,58,1601,2,3203,2,15,62,4800,58,3201,2,4804,2,15,62,8000,58,4801,2,8002,2,15,62,6400,58,6401,2,8001,2,15,62,12800,58,6401,2,12802,2,15,62,11200,58,11201,2,12801,2,15,62,9600,58,9601,2,11202,2,15,62
1600,58,3200,58,1601,2,3203,2,15,62,9600,58,3201,2,9604,2,15,62,11200,58,9601,2,11202,2,15,62,12800,58,11201,2,12801,2,15,62,6400,58,6401,2,12802,2,15,62,8000,58,6401,2,8001,2,15,62,4800,58,4801,2,8002,2,15,62
1600,58,3200,58,1601,2,3203,2,15,62,9600,58,3201,2,9604,2,15,62,11200,58,9601,2,11202,2,15,62,12800,58,11201,2,12801,2,15,62,4800,58,4801,2,12803,2,15,62,8000,58,4801,2,8002,2,15,62,6400,58,6401,2,8001,2,15,62
6400,58,8000,58,6401,2,8001,2,15,62,4800,58,4801,2,8002,2,15,62,12800,58,4801,2,12803,2,15,62,11200,58,11201,2,12801,2,15,62,9600,58,9601,2,11202,2,15,62,3200,58,3201,2,9604,2,15,62,1600,58,1601,2,3203,2,15,62
4800,58,8000,58,4801,2,8002,2,15,62,6400,58,6401,2,8001,2,15,62,12800,58,6401,2,12802,2,15,62,11200,58,11201,2,12801,2,15,62,9600,58,9601,2,11202,2,15,62,3200,58,3201,2,9604,2,15,62,1600,58,1601,2,3203,2,15,62
9600,58,11200,58,9601,2,11202,2,15,62,12800,58,11201,2,12801,2,15,62,6400,58,6401,2,12802,2,15,62,8000,58,6401,2,8001,2,15,62,4800,58,4801,2,8002,2,15,62,3200,58,3201,2,4804,2,15,62,1600,58,1601,2,3203,2,15,62
